// Reference=MNI
// Kenny2012: L_HIPP+R_HIPP
// Subjects=16
23.35	-21.86	-16.23
-27.38	-18.08	-16.19
-27.34	-33.27	-22.92
-34.84	-9.37	-27.84
-44.41	3.94	-33.13
23.35	-19.69	-15.26
-18.88	-26.08	-10.14
7.6	-41.35	-4.81
-25.21	-36.06	-17.19
-40.18	1.81	-34.12
-23.16	-10.29	-10.08
-27.39	-10.32	-10.06
-34.91	11.78	-27.07
-9.22	-55.59	6.25

// Lampit2015: R_HIPP
// Subjects=12
28	-36	0
30	-14	-16
32	-30	-6
-34	-12	-20
-22	-12	-24
-26	2	-20
-28	-34	-8
-22	-38	4
-14	-26	-10

// Tahmasian2013: BIL_HIPP
// Subjects=20
-21	-18	-18
24	-18	-18
6	-54	18
48	-63	27
24	30	45
0	60	-6
-39	-72	33
63	-6	-27

// Ekpo2025: L_HIPP
// Subjects=17
-26	-16	-18
-8	-48	-28
66	-26	6

// Kraguljac2014: L_HIPP
// Subjects=22
-28	-21	-16
45	-14	16
2	57	14
-9	-45	46
14	-36	-24
6	-56	-45
-12	-45	-26

// Yan2016: L_HIPP
// Subjects=19
-47.17	17.91	-17.3
26.54	8.24	-25.14
0.83	39.26	-20.75
4.02	48.97	-19.37
-52.24	-52.88	-10.19
-52.57	0.82	-31.41
54.35	2.06	-24.94
-37.53	-11.52	-27.2
-24.64	-12.96	-19.43
29.95	-24.81	-12.37
33.16	-24.79	-12.41
-31.28	8.89	-39.03
-43.75	-28.16	-7.89
-2.19	0.46	-13
4.1	34.42	-14.81
-17.92	-40.39	10.68

// Morgan2009: L_aHIPP
// Subjects=10
-20	-16	-12
20	-16	-16
20	8	-16
20	24	12

// Lindsay2025: BIL_HIPP
// Subjects=25
22	-8	-22
-4	-6	54
-30	30	-12
30	32	-14
42	32	16

// Ye2021: L_HIPP+R_HIPP
// Subjects=25
-33	-18	-15
33	-12	-18
-63	-30	12

// Andrade2011: bilateral hippocampal formation (CA+DG+SUB, Juelich cytoarch
// Subjects=15
28.00	-28.00	-16.00
50.00	2.00	-32.00
24.00	22.00	54.00
6.00	56.00	14.00
-44.00	-70.00	30.00
-22.00	28.00	52.00
44.00	-64.00	28.00
-56.00	-14.00	-14.00

// Chase2015: Right Posterior subiculum subregion (MACM-CBP cluster of Jue
// Subjects=153
14.00	-34.00	-8.00
-12.00	-28.00	-12.00
20.00	-48.00	2.00
0.00	-84.00	46.00
4.00	-54.00	58.00
40.00	-78.00	14.00
34.00	26.00	-32.00
-22.00	-14.00	-26.00
26.00	-14.00	-26.00
34.00	-14.00	-36.00
-44.00	-70.00	34.00
-44.00	-74.00	42.00
-34.00	-80.00	48.00
52.00	-74.00	26.00
56.00	-72.00	18.00
46.00	-68.00	24.00
-6.00	-90.00	-38.00
8.00	-90.00	-38.00
-16.00	-92.00	-38.00
8.00	-32.00	66.00
-4.00	-28.00	64.00
56.00	-16.00	52.00
-60.00	-8.00	24.00
-62.00	-4.00	14.00
-50.00	-8.00	20.00
-10.00	-34.00	18.00
-12.00	-26.00	26.00
2.00	-30.00	18.00
58.00	-8.00	26.00
60.00	-6.00	14.00
62.00	-6.00	36.00
-4.00	0.00	28.00
6.00	2.00	28.00
-10.00	-8.00	26.00
-18.00	-26.00	-18.00
16.00	-28.00	-20.00
12.00	-36.00	-12.00
-12.00	-8.00	28.00
-20.00	-16.00	24.00
-20.00	-6.00	26.00
-42.00	-70.00	34.00
-6.00	-88.00	-18.00
0.00	-94.00	-18.00
4.00	-86.00	-20.00
-14.00	-36.00	-6.00
18.00	-58.00	8.00
-12.00	-60.00	8.00
0.00	-30.00	-44.00
4.00	-28.00	-36.00
8.00	-30.00	-46.00
-36.00	-26.00	14.00
-38.00	-20.00	8.00
-40.00	-28.00	6.00
22.00	-92.00	-28.00
30.00	-88.00	-26.00
42.00	-84.00	-24.00
22.00	-22.00	-16.00
32.00	-10.00	-22.00
-24.00	-18.00	-18.00
-4.00	-86.00	-20.00
-34.00	-88.00	-30.00
-18.00	-92.00	-32.00
34.00	34.00	-16.00
46.00	-72.00	32.00
46.00	-70.00	22.00
36.00	-64.00	22.00
-44.00	-66.00	30.00
-48.00	-72.00	40.00
-42.00	-76.00	46.00
18.00	32.00	40.00
22.00	30.00	48.00
-40.00	-74.00	-40.00
-48.00	-62.00	-44.00
44.00	-72.00	-40.00
48.00	-66.00	-44.00
30.00	-48.00	-52.00

// Hermiller2022_OA: left hippocampal body, subject-specific voxel (search around
// Subjects=15
-4.89	46.90	16.59
2.23	-57.10	25.34
29.48	26.23	43.58
-44.18	-66.41	31.56
37.74	-19.84	58.05
-57.02	-7.90	-17.14
-28.70	-23.70	-9.33
62.01	-5.98	-19.45
50.92	-64.11	30.83
-32.12	28.64	-16.25
-1.39	5.72	65.95
7.01	22.47	53.30
30.13	-18.99	-14.20
-63.96	-43.95	-2.43
-13.82	21.34	-2.13
21.74	-78.30	-17.94
23.03	-29.94	58.18
60.99	-49.91	11.24
-44.13	-69.92	8.21
-35.42	-25.85	61.29
-1.59	23.89	33.87
15.42	5.51	13.58
37.64	-49.89	-23.62

// Hermiller2022_YA: left hippocampal body, subject-specific voxel (search around
// Subjects=15
0.17	52.65	-4.47
-0.36	-52.23	23.85
-58.23	-16.63	-10.15
61.58	-6.05	-18.99
-36.64	-16.42	59.51
-25.10	-24.11	-13.58
-39.82	-67.98	41.23
-24.80	28.32	46.48
21.61	-78.48	-20.26
25.74	-18.68	-15.29
0.94	-18.05	39.14
24.98	-85.01	-1.80
38.92	23.65	-22.33
-29.80	29.67	-19.60
48.32	-61.78	40.59
-42.06	17.03	-20.96
30.62	33.38	42.30
-8.17	15.18	-6.59
-44.56	14.91	42.81
51.63	-69.55	-5.18
12.04	67.37	16.91
36.59	-86.36	5.88
-0.30	-7.04	63.33
9.99	19.18	-6.01
26.08	-19.76	69.78
-9.09	-94.66	-2.49
45.02	-4.31	51.87
32.96	-51.36	62.42
-40.88	-81.13	10.23
-63.94	-43.62	14.26

// Kong2008: left hippocampus task-defined cluster (peak -34,-18,-14; 21 
// Subjects=12
-34.00	-18.00	-12.00
36.00	-14.00	-16.00
38.00	-2.00	-40.00
-16.00	-46.00	80.00
-18.00	-44.00	80.00
34.00	24.00	6.00
16.00	8.00	42.00
54.00	-4.00	50.00
40.00	22.00	-18.00
2.00	0.00	46.00
10.00	-34.00	-46.00

// Qin2016: aHIP: left anterior hippocampus (head) node, sphere at MNI -
// Subjects=36
-22.00	-14.00	-18.00
28.00	-10.00	-24.00
-24.00	-22.00	-24.00
26.00	-16.00	-28.00
-8.00	52.00	-10.00
-22.00	26.00	44.00
24.00	32.00	46.00
-34.00	28.00	-18.00
44.00	34.00	-18.00
-6.00	-58.00	14.00
6.00	-60.00	14.00
-6.00	-52.00	40.00
-4.00	-12.00	44.00
10.00	-14.00	44.00
50.00	-64.00	20.00
-44.00	-62.00	14.00
-50.00	8.00	-18.00
-54.00	8.00	-26.00
40.00	-2.00	0.00
-36.00	-6.00	6.00
-36.00	-46.00	-16.00
38.00	-40.00	-20.00
-14.00	-56.00	0.00
14.00	-56.00	0.00
-34.00	-88.00	-10.00
2.00	-20.00	66.00
-40.00	-18.00	42.00
38.00	-16.00	38.00
-12.00	-28.00	-2.00
12.00	-28.00	2.00
4.00	12.00	-6.00
-8.00	8.00	-2.00
8.00	8.00	-4.00
-32.00	-6.00	4.00
-22.00	-4.00	-18.00
26.00	-4.00	-20.00
-4.00	-10.00	-10.00
-14.00	-44.00	-22.00
26.00	-46.00	-28.00
-26.00	-26.00	-12.00
28.00	-12.00	-18.00
-24.00	-26.00	-22.00
26.00	-26.00	-18.00
-4.00	56.00	-2.00
-22.00	26.00	44.00
-8.00	52.00	38.00
-2.00	-52.00	22.00
8.00	-50.00	26.00
0.00	-4.00	66.00
-8.00	-76.00	48.00
10.00	-74.00	46.00
-32.00	-38.00	-22.00
34.00	-38.00	-20.00
-36.00	-26.00	52.00
46.00	-16.00	54.00
-6.00	-22.00	12.00
12.00	-24.00	12.00
-4.00	14.00	-12.00
24.00	-10.00	-4.00
-10.00	10.00	0.00
14.00	2.00	12.00
-26.00	14.00	-4.00
-22.00	-4.00	-18.00
24.00	-2.00	-18.00
-6.00	-24.00	-10.00
-28.00	-48.00	-26.00
26.00	-42.00	-24.00
-26.00	-36.00	-4.00
24.00	-34.00	-6.00
-24.00	-36.00	-12.00
22.00	-36.00	-10.00
6.00	52.00	-10.00
32.00	38.00	-8.00
-10.00	-56.00	14.00
10.00	-48.00	8.00
-6.00	-72.00	48.00
12.00	-76.00	46.00
-32.00	-94.00	-4.00
26.00	-92.00	0.00
-34.00	-46.00	-16.00
38.00	-40.00	-20.00
-14.00	-62.00	-4.00
18.00	-62.00	-4.00
2.00	10.00	68.00
-26.00	-24.00	70.00
28.00	-4.00	48.00
-8.00	-46.00	68.00
10.00	-44.00	70.00
-14.00	-26.00	6.00
18.00	-28.00	6.00
-10.00	10.00	0.00
8.00	16.00	-4.00
-20.00	-6.00	-2.00
4.00	12.00	-6.00
8.00	-26.00	-12.00
-16.00	-50.00	-16.00
12.00	-54.00	-18.00

// Smagula2018: Right dentate gyrus/CA4 (FreeSurfer 6.0 subfield, 7T)
// Subjects=15
26.00	-30.00	-18.00
50.00	-30.00	-18.00
66.00	-20.00	-18.00
28.00	-28.00	-20.00
50.00	-30.00	-18.00
66.00	-20.00	-18.00
26.00	-32.00	-18.00
26.00	-30.00	-18.00
18.00	-28.00	-8.00
22.00	-28.00	-20.00
30.00	-28.00	-18.00
-28.00	-20.00	-26.00
44.00	-22.00	-18.00
-44.00	-64.00	-8.00
60.00	-20.00	-8.00
42.00	-78.00	32.00
-18.00	-32.00	-16.00
-18.00	-46.00	0.00
-30.00	12.00	-26.00
-16.00	-50.00	8.00
-20.00	-6.00	-16.00
-14.00	-32.00	-16.00
36.00	-24.00	-20.00
-10.00	-64.00	12.00
-12.00	-32.00	-16.00

// Ward2014: all-hip: bilateral hippocampus (AAL x face-name encoding HCH
// Subjects=31
-3.00	59.00	-6.00
9.00	-31.00	-18.00
-3.00	-58.00	26.00
2.00	58.00	20.00
21.00	-7.00	-19.00
-6.00	-50.00	8.00
-8.00	-50.00	4.00
-3.00	-34.00	35.00

// ZhangJ2021: bilateral hippocampus (Harvard-Oxford, whole)
// Subjects=262
-9.00	-51.00	-48.00
-60.00	-6.00	-21.00
3.00	42.00	-12.00
-45.00	-72.00	36.00
-18.00	38.00	48.00
-9.00	-52.00	16.00
9.00	-51.00	9.00
48.00	-69.00	36.00

