// Reference=MNI
// Kenny2012: L_HIPP+R_HIPP
// Subjects=16
23.35	-21.86	-16.23
-27.38	-18.08	-16.19
-27.34	-33.27	-22.92
-34.84	-9.37	-27.84
-44.41	3.94	-33.13
23.35	-19.69	-15.26
-18.88	-26.08	-10.14
7.6	-41.35	-4.81
-25.21	-36.06	-17.19
-40.18	1.81	-34.12
-23.16	-10.29	-10.08
-27.39	-10.32	-10.06
-34.91	11.78	-27.07
-9.22	-55.59	6.25

// Lampit2015: R_HIPP
// Subjects=12
28	-36	0
30	-14	-16
32	-30	-6
-34	-12	-20
-22	-12	-24
-26	2	-20
-28	-34	-8
-22	-38	4
-14	-26	-10

// Tahmasian2013: BIL_HIPP
// Subjects=20
-21	-18	-18
24	-18	-18
6	-54	18
48	-63	27
24	30	45
0	60	-6
-39	-72	33
63	-6	-27

// Ekpo2025: L_HIPP
// Subjects=17
-26	-16	-18
-8	-48	-28
66	-26	6

// Kraguljac2014: L_HIPP
// Subjects=22
-28	-21	-16
45	-14	16
2	57	14
-9	-45	46
14	-36	-24
6	-56	-45
-12	-45	-26

// Yan2016: L_HIPP
// Subjects=19
-47.17	17.91	-17.3
26.54	8.24	-25.14
0.83	39.26	-20.75
4.02	48.97	-19.37
-52.24	-52.88	-10.19
-52.57	0.82	-31.41
54.35	2.06	-24.94
-37.53	-11.52	-27.2
-24.64	-12.96	-19.43
29.95	-24.81	-12.37
33.16	-24.79	-12.41
-31.28	8.89	-39.03
-43.75	-28.16	-7.89
-2.19	0.46	-13
4.1	34.42	-14.81
-17.92	-40.39	10.68

// Morgan2009: L_aHIPP
// Subjects=10
-20	-16	-12
20	-16	-16
20	8	-16
20	24	12

// Lindsay2025: BIL_HIPP
// Subjects=25
22	-8	-22
-4	-6	54
-30	30	-12
30	32	-14
42	32	16

// Ye2021: L_HIPP+R_HIPP
// Subjects=25
-33	-18	-15
33	-12	-18
-63	-30	12

// Andrade2011: bilateral hippocampal formation (CA+DG+SUB, Juelich cytoarch
// Subjects=15
28.00	-28.00	-16.00
50.00	2.00	-32.00
24.00	22.00	54.00
6.00	56.00	14.00
-44.00	-70.00	30.00
-22.00	28.00	52.00
44.00	-64.00	28.00
-56.00	-14.00	-14.00

// Kong2008: left hippocampus task-defined cluster (peak -34,-18,-14; 21 
// Subjects=12
-34.00	-18.00	-12.00
36.00	-14.00	-16.00
38.00	-2.00	-40.00
-16.00	-46.00	80.00
-18.00	-44.00	80.00
34.00	24.00	6.00
16.00	8.00	42.00
54.00	-4.00	50.00
40.00	22.00	-18.00
2.00	0.00	46.00
10.00	-34.00	-46.00

