// Reference=MNI
// Kenny2012: L_HIPP+R_HIPP
// Subjects=16
23.35	-21.86	-16.23
-27.38	-18.08	-16.19
-27.34	-33.27	-22.92
-34.84	-9.37	-27.84
-44.41	3.94	-33.13
23.35	-19.69	-15.26
-18.88	-26.08	-10.14
7.6	-41.35	-4.81
-25.21	-36.06	-17.19
-40.18	1.81	-34.12
-23.16	-10.29	-10.08
-27.39	-10.32	-10.06
-34.91	11.78	-27.07
-9.22	-55.59	6.25

// Lampit2015: R_HIPP
// Subjects=12
28	-36	0
30	-14	-16
32	-30	-6
-34	-12	-20
-22	-12	-24
-26	2	-20
-28	-34	-8
-22	-38	4
-14	-26	-10

// Tahmasian2013: BIL_HIPP
// Subjects=20
-21	-18	-18
24	-18	-18
6	-54	18
48	-63	27
24	30	45
0	60	-6
-39	-72	33
63	-6	-27

// Ekpo2025: L_HIPP
// Subjects=17
-26	-16	-18
-8	-48	-28
66	-26	6

// Kraguljac2014: L_HIPP
// Subjects=22
-28	-21	-16
45	-14	16
2	57	14
-9	-45	46
14	-36	-24
6	-56	-45
-12	-45	-26

// Yan2016: L_HIPP
// Subjects=19
-47.17	17.91	-17.3
26.54	8.24	-25.14
0.83	39.26	-20.75
4.02	48.97	-19.37
-52.24	-52.88	-10.19
-52.57	0.82	-31.41
54.35	2.06	-24.94
-37.53	-11.52	-27.2
-24.64	-12.96	-19.43
29.95	-24.81	-12.37
33.16	-24.79	-12.41
-31.28	8.89	-39.03
-43.75	-28.16	-7.89
-2.19	0.46	-13
4.1	34.42	-14.81
-17.92	-40.39	10.68

// Morgan2009: L_aHIPP
// Subjects=10
-20	-16	-12
20	-16	-16
20	8	-16
20	24	12

// Lindsay2025: BIL_HIPP
// Subjects=25
22	-8	-22
-4	-6	54
-30	30	-12
30	32	-14
42	32	16

// Ye2021: L_HIPP+R_HIPP
// Subjects=25
-33	-18	-15
33	-12	-18
-63	-30	12

// Frank2019: aHIPP+pHIPP
// Subjects=26
-8	42	-14
-38	30	-18
8	34	10
-6	12	64
6	-30	58
56	-6	34
-36	-30	64
30	-30	70
48	-10	12
56	-2	6
-52	-10	12
-48	-32	14
2	-48	30
-62	-48	12
-26	-4	-22
-58	2	-16
-18	-16	-24
36	59	28
38	-12	-24
48	16	-24
-42	-72	32
48	-66	32
26	-86	14
-30	-88	16
-44	-76	34
-44	-82	0
24	-62	-12
-30	-62	-16
-8	-78	-2
-14	-76	-10
-14	-90	-2
4	34	24
-4	32	26
38	54	4
6	46	-2
-20	30	-18
54	-70	-12
58	-34	-12
-34	-28	-18
-58	-30	-6
-38	-64	-16
-52	18	-10
-52	16	-28
52	-18	10
-12	-36	0
-8	-78	50
-28	-78	44
8	-62	18
-30	-30	58
-28	-92	12
20	-60	-14
-28	-80	44

// Kong2023: L_HIPP+R_HIPP
// Subjects=119
-27	30	-15
-39	-69	33
-18	30	45
45	-66	30
63	-6	-24
-3	42	-12
-60	-9	-18
-42	-69	33
21	27	48
48	-63	36
63	-6	-21
30	33	-15
3	33	-15

// Medea2016: L_HIPP
// Subjects=42
-4	-24	-15
-1	49	-13

// Andrade2011: bilateral hippocampal formation (CA+DG+SUB, Juelich cytoarch
// Subjects=15
28.00	-28.00	-16.00
50.00	2.00	-32.00
24.00	22.00	54.00
6.00	56.00	14.00
-44.00	-70.00	30.00
-22.00	28.00	52.00
44.00	-64.00	28.00
-56.00	-14.00	-14.00

// Chase2015: Right Posterior subiculum subregion (MACM-CBP cluster of Jue
// Subjects=153
14.00	-34.00	-8.00
-12.00	-28.00	-12.00
20.00	-48.00	2.00
0.00	-84.00	46.00
4.00	-54.00	58.00
40.00	-78.00	14.00
34.00	26.00	-32.00
-22.00	-14.00	-26.00
26.00	-14.00	-26.00
34.00	-14.00	-36.00
-44.00	-70.00	34.00
-44.00	-74.00	42.00
-34.00	-80.00	48.00
52.00	-74.00	26.00
56.00	-72.00	18.00
46.00	-68.00	24.00
-6.00	-90.00	-38.00
8.00	-90.00	-38.00
-16.00	-92.00	-38.00
8.00	-32.00	66.00
-4.00	-28.00	64.00
56.00	-16.00	52.00
-60.00	-8.00	24.00
-62.00	-4.00	14.00
-50.00	-8.00	20.00
-10.00	-34.00	18.00
-12.00	-26.00	26.00
2.00	-30.00	18.00
58.00	-8.00	26.00
60.00	-6.00	14.00
62.00	-6.00	36.00
-4.00	0.00	28.00
6.00	2.00	28.00
-10.00	-8.00	26.00
-18.00	-26.00	-18.00
16.00	-28.00	-20.00
12.00	-36.00	-12.00
-12.00	-8.00	28.00
-20.00	-16.00	24.00
-20.00	-6.00	26.00
-42.00	-70.00	34.00
-6.00	-88.00	-18.00
0.00	-94.00	-18.00
4.00	-86.00	-20.00
-14.00	-36.00	-6.00
18.00	-58.00	8.00
-12.00	-60.00	8.00
0.00	-30.00	-44.00
4.00	-28.00	-36.00
8.00	-30.00	-46.00
-36.00	-26.00	14.00
-38.00	-20.00	8.00
-40.00	-28.00	6.00
22.00	-92.00	-28.00
30.00	-88.00	-26.00
42.00	-84.00	-24.00
22.00	-22.00	-16.00
32.00	-10.00	-22.00
-24.00	-18.00	-18.00
-4.00	-86.00	-20.00
-34.00	-88.00	-30.00
-18.00	-92.00	-32.00
34.00	34.00	-16.00
46.00	-72.00	32.00
46.00	-70.00	22.00
36.00	-64.00	22.00
-44.00	-66.00	30.00
-48.00	-72.00	40.00
-42.00	-76.00	46.00
18.00	32.00	40.00
22.00	30.00	48.00
-40.00	-74.00	-40.00
-48.00	-62.00	-44.00
44.00	-72.00	-40.00
48.00	-66.00	-44.00
30.00	-48.00	-52.00

// Hermiller2022_OA15: left hippocampal body, subject-specific voxel (search around
// Subjects=15
-4.89	46.90	16.59
2.23	-57.10	25.34
29.48	26.23	43.58
-44.18	-66.41	31.56
37.74	-19.84	58.05
-57.02	-7.90	-17.14
-28.70	-23.70	-9.33
62.01	-5.98	-19.45
50.92	-64.11	30.83
-32.12	28.64	-16.25
-1.39	5.72	65.95
7.01	22.47	53.30
30.13	-18.99	-14.20
-63.96	-43.95	-2.43
-13.82	21.34	-2.13
21.74	-78.30	-17.94
23.03	-29.94	58.18
60.99	-49.91	11.24
-44.13	-69.92	8.21
-35.42	-25.85	61.29
-1.59	23.89	33.87
15.42	5.51	13.58
37.64	-49.89	-23.62

// Hermiller2022_YA15: left hippocampal body, subject-specific voxel (search around
// Subjects=15
0.17	52.65	-4.47
-0.36	-52.23	23.85
-58.23	-16.63	-10.15
61.58	-6.05	-18.99
-36.64	-16.42	59.51
-25.10	-24.11	-13.58
-39.82	-67.98	41.23
-24.80	28.32	46.48
21.61	-78.48	-20.26
25.74	-18.68	-15.29
0.94	-18.05	39.14
24.98	-85.01	-1.80
38.92	23.65	-22.33
-29.80	29.67	-19.60
48.32	-61.78	40.59
-42.06	17.03	-20.96
30.62	33.38	42.30
-8.17	15.18	-6.59
-44.56	14.91	42.81
51.63	-69.55	-5.18
12.04	67.37	16.91
36.59	-86.36	5.88
-0.30	-7.04	63.33
9.99	19.18	-6.01
26.08	-19.76	69.78
-9.09	-94.66	-2.49
45.02	-4.31	51.87
32.96	-51.36	62.42
-40.88	-81.13	10.23
-63.94	-43.62	14.26

// Kong2008: left hippocampus task-defined cluster (peak -34,-18,-14; 21 
// Subjects=12
-34.00	-18.00	-12.00
36.00	-14.00	-16.00
38.00	-2.00	-40.00
-16.00	-46.00	80.00
-18.00	-44.00	80.00
34.00	24.00	6.00
16.00	8.00	42.00
54.00	-4.00	50.00
40.00	22.00	-18.00
2.00	0.00	46.00
10.00	-34.00	-46.00

// Qin2016: aHIP: left anterior hippocampus (head) node, sphere at MNI -
// Subjects=36
-22.00	-14.00	-18.00
28.00	-10.00	-24.00
-24.00	-22.00	-24.00
26.00	-16.00	-28.00
-8.00	52.00	-10.00
-22.00	26.00	44.00
24.00	32.00	46.00
-34.00	28.00	-18.00
44.00	34.00	-18.00
-6.00	-58.00	14.00
6.00	-60.00	14.00
-6.00	-52.00	40.00
-4.00	-12.00	44.00
10.00	-14.00	44.00
50.00	-64.00	20.00
-44.00	-62.00	14.00
-50.00	8.00	-18.00
-54.00	8.00	-26.00
40.00	-2.00	0.00
-36.00	-6.00	6.00
-36.00	-46.00	-16.00
38.00	-40.00	-20.00
-14.00	-56.00	0.00
14.00	-56.00	0.00
-34.00	-88.00	-10.00
2.00	-20.00	66.00
-40.00	-18.00	42.00
38.00	-16.00	38.00
-12.00	-28.00	-2.00
12.00	-28.00	2.00
4.00	12.00	-6.00
-8.00	8.00	-2.00
8.00	8.00	-4.00
-32.00	-6.00	4.00
-22.00	-4.00	-18.00
26.00	-4.00	-20.00
-4.00	-10.00	-10.00
-14.00	-44.00	-22.00
26.00	-46.00	-28.00
-26.00	-26.00	-12.00
28.00	-12.00	-18.00
-24.00	-26.00	-22.00
26.00	-26.00	-18.00
-4.00	56.00	-2.00
-22.00	26.00	44.00
-8.00	52.00	38.00
-2.00	-52.00	22.00
8.00	-50.00	26.00
0.00	-4.00	66.00
-8.00	-76.00	48.00
10.00	-74.00	46.00
-32.00	-38.00	-22.00
34.00	-38.00	-20.00
-36.00	-26.00	52.00
46.00	-16.00	54.00
-6.00	-22.00	12.00
12.00	-24.00	12.00
-4.00	14.00	-12.00
24.00	-10.00	-4.00
-10.00	10.00	0.00
14.00	2.00	12.00
-26.00	14.00	-4.00
-22.00	-4.00	-18.00
24.00	-2.00	-18.00
-6.00	-24.00	-10.00
-28.00	-48.00	-26.00
26.00	-42.00	-24.00
-26.00	-36.00	-4.00
24.00	-34.00	-6.00
-24.00	-36.00	-12.00
22.00	-36.00	-10.00
6.00	52.00	-10.00
32.00	38.00	-8.00
-10.00	-56.00	14.00
10.00	-48.00	8.00
-6.00	-72.00	48.00
12.00	-76.00	46.00
-32.00	-94.00	-4.00
26.00	-92.00	0.00
-34.00	-46.00	-16.00
38.00	-40.00	-20.00
-14.00	-62.00	-4.00
18.00	-62.00	-4.00
2.00	10.00	68.00
-26.00	-24.00	70.00
28.00	-4.00	48.00
-8.00	-46.00	68.00
10.00	-44.00	70.00
-14.00	-26.00	6.00
18.00	-28.00	6.00
-10.00	10.00	0.00
8.00	16.00	-4.00
-20.00	-6.00	-2.00
4.00	12.00	-6.00
8.00	-26.00	-12.00
-16.00	-50.00	-16.00
12.00	-54.00	-18.00

// Smagula2018: Right dentate gyrus/CA4 (FreeSurfer 6.0 subfield, 7T)
// Subjects=15
26.00	-30.00	-18.00
50.00	-30.00	-18.00
66.00	-20.00	-18.00
28.00	-28.00	-20.00
50.00	-30.00	-18.00
66.00	-20.00	-18.00
26.00	-32.00	-18.00
26.00	-30.00	-18.00
18.00	-28.00	-8.00
22.00	-28.00	-20.00
30.00	-28.00	-18.00
-28.00	-20.00	-26.00
44.00	-22.00	-18.00
-44.00	-64.00	-8.00
60.00	-20.00	-8.00
42.00	-78.00	32.00
-18.00	-32.00	-16.00
-18.00	-46.00	0.00
-30.00	12.00	-26.00
-16.00	-50.00	8.00
-20.00	-6.00	-16.00
-14.00	-32.00	-16.00
36.00	-24.00	-20.00
-10.00	-64.00	12.00
-12.00	-32.00	-16.00

// Wagner2016: R anterior hippocampus 5-mm sphere MNI 28,-12,-20 (partial c
// Subjects=25
28.00	-20.00	-16.00
-24.00	-22.00	-14.00
-2.00	56.00	40.00
-2.00	46.00	12.00
-4.00	54.00	-8.00
-4.00	36.00	-18.00
4.00	4.00	-10.00
4.00	-46.00	28.00
-46.00	22.00	-2.00
46.00	30.00	-12.00
30.00	32.00	-16.00
-4.00	62.00	20.00
-60.00	-34.00	12.00
-10.00	2.00	16.00
10.00	4.00	16.00
0.00	-20.00	-28.00
-20.00	-16.00	-16.00
20.00	-14.00	-16.00
-38.00	4.00	-20.00
40.00	16.00	-30.00
-10.00	-36.00	2.00
2.00	10.00	-10.00
-4.00	36.00	-16.00
-6.00	52.00	12.00
-2.00	58.00	-4.00
-44.00	28.00	-4.00
-32.00	4.00	6.00
20.00	-86.00	-36.00
-8.00	-62.00	-36.00
14.00	-52.00	-34.00
24.00	-30.00	-14.00
-22.00	-26.00	-18.00
2.00	-50.00	56.00
-8.00	-48.00	12.00
10.00	-56.00	12.00
-6.00	-18.00	-12.00
-34.00	-78.00	28.00
-28.00	-82.00	36.00
16.00	-84.00	8.00
32.00	4.00	-8.00
-18.00	4.00	-10.00
-12.00	-50.00	-46.00
16.00	-52.00	-50.00
-10.00	-70.00	-22.00
-24.00	-34.00	-16.00
-10.00	-58.00	10.00
-2.00	-62.00	20.00
-2.00	-54.00	52.00
-6.00	-30.00	-32.00
2.00	-24.00	-8.00
2.00	-32.00	-24.00
48.00	-66.00	20.00
54.00	-8.00	-14.00
-60.00	-22.00	-12.00
-50.00	-10.00	-12.00
-6.00	54.00	-10.00
-2.00	10.00	-12.00
-42.00	-76.00	26.00
2.00	-58.00	-42.00
-24.00	-4.00	0.00
24.00	30.00	42.00
-38.00	16.00	26.00
-40.00	16.00	-24.00
30.00	6.00	-28.00
-40.00	-18.00	18.00

// Ward2014: all-hip: bilateral hippocampus (AAL x face-name encoding HCH
// Subjects=31
-3.00	59.00	-6.00
9.00	-31.00	-18.00
-3.00	-58.00	26.00
2.00	58.00	20.00
21.00	-7.00	-19.00
-6.00	-50.00	8.00
-8.00	-50.00	4.00
-3.00	-34.00	35.00

// ZhangJ2021: bilateral hippocampus (Harvard-Oxford, whole)
// Subjects=262
-9.00	-51.00	-48.00
-60.00	-6.00	-21.00
3.00	42.00	-12.00
-45.00	-72.00	36.00
-18.00	38.00	48.00
-9.00	-52.00	16.00
9.00	-51.00	9.00
48.00	-69.00	36.00

// Zhao2019: hippocampal subregion IC1 (masked-ICA/mICA of Harvard-Oxford
// Subjects=40
12.00	-44.00	4.00
-16.00	-38.00	-2.00
26.00	-18.00	-20.00
26.00	-24.00	-20.00
-14.00	-40.00	-2.00
20.00	-40.00	0.00
16.00	-34.00	0.00
-26.00	-40.00	-4.00
32.00	-14.00	-24.00
-22.00	-42.00	-6.00
32.00	-18.00	-26.00
36.00	-16.00	-26.00
-22.00	-12.00	-26.00
-22.00	-12.00	-32.00
-22.00	-6.00	-26.00
-30.00	-10.00	-32.00
-20.00	-8.00	-26.00
-20.00	-8.00	-28.00
-16.00	32.00	36.00
22.00	36.00	34.00
0.00	54.00	-10.00
0.00	56.00	-8.00
-8.00	-44.00	28.00
2.00	-38.00	24.00
-6.00	-44.00	2.00
6.00	-44.00	2.00
-22.00	-12.00	-26.00
26.00	-12.00	-26.00
-24.00	-16.00	-32.00
24.00	-16.00	-32.00
-6.00	-48.00	0.00
16.00	-52.00	4.00
-10.00	-64.00	14.00
2.00	-64.00	16.00
-22.00	-44.00	-4.00
14.00	-40.00	-2.00
-28.00	-20.00	-30.00
30.00	-18.00	-32.00
-14.00	-44.00	-2.00
22.00	-42.00	-2.00
24.00	-6.00	-28.00
26.00	-14.00	-32.00
26.00	-4.00	-28.00
-22.00	-36.00	-6.00
22.00	-14.00	-22.00
18.00	-14.00	-22.00
22.00	-4.00	-20.00
-24.00	-22.00	-18.00
-24.00	-30.00	-18.00
-18.00	-14.00	-22.00
-14.00	-12.00	-24.00
-18.00	-4.00	-22.00
-20.00	-38.00	-4.00
38.00	-26.00	-14.00
34.00	-32.00	-16.00
34.00	-36.00	-14.00
-26.00	-12.00	-22.00
30.00	-10.00	-20.00
-24.00	-6.00	-22.00
30.00	-6.00	-20.00
20.00	-6.00	-24.00
20.00	-8.00	-24.00
30.00	-34.00	-8.00
28.00	-40.00	-8.00
30.00	-46.00	-4.00
22.00	-44.00	-2.00
18.00	-30.00	-2.00
-20.00	-30.00	-12.00
-24.00	-36.00	-14.00
-26.00	-46.00	-8.00
-32.00	-26.00	-16.00
38.00	-24.00	-16.00
-30.00	-32.00	-16.00
36.00	-30.00	-16.00
38.00	-30.00	-16.00
-32.00	-10.00	-24.00
-30.00	-16.00	-26.00
-32.00	-16.00	-26.00
-6.00	-44.00	2.00
14.00	-42.00	4.00
-20.00	-38.00	-4.00
20.00	-36.00	2.00
-12.00	-48.00	4.00
-20.00	-44.00	-4.00
-18.00	-46.00	-2.00
18.00	-42.00	2.00
-14.00	-32.00	-2.00
14.00	-36.00	2.00

// Adnan2016: left anterior hippocampus (DWI tractography K=2 parcel)
// Subjects=15
-26.00	-18.00	-18.00
-20.00	-26.00	-20.00
26.00	-14.00	-16.00
28.00	-6.00	-14.00
22.00	-14.00	-24.00
4.00	58.00	-10.00
-8.00	54.00	-6.00
18.00	-12.00	-16.00
-26.00	-16.00	-24.00
30.00	-16.00	-24.00
14.00	44.00	-22.00
0.00	50.00	-10.00
2.00	58.00	-12.00
-4.00	40.00	-6.00
-28.00	-20.00	-14.00
-22.00	-30.00	-12.00
22.00	-22.00	-18.00
22.00	-34.00	-20.00
-2.00	-56.00	14.00
-14.00	-34.00	2.00
16.00	-28.00	0.00
-16.00	-58.00	4.00
26.00	-18.00	-14.00
18.00	-54.00	14.00
-24.00	-22.00	-18.00
18.00	-28.00	-16.00
-20.00	-28.00	-16.00
-8.00	-44.00	36.00

// Blessing2016: Anterior (l) hippocampal ICA component (left)
// Subjects=50
-24.00	-12.00	-22.00
-50.00	28.00	-12.00
40.00	-18.00	-30.00
-22.00	-16.00	-18.00
26.00	-90.00	-38.00
-56.00	-6.00	-14.00
58.00	0.00	-18.00
-46.00	-70.00	34.00
0.00	-60.00	-48.00
-10.00	-88.00	-38.00
-20.00	32.00	44.00
56.00	-62.00	20.00
30.00	-26.00	56.00
-8.00	-50.00	-38.00
22.00	34.00	48.00
0.00	-8.00	10.00
-62.00	-24.00	0.00
0.00	-14.00	-14.00
60.00	-34.00	4.00
44.00	-14.00	56.00
-16.00	-40.00	-44.00
34.00	36.00	-12.00
-26.00	18.00	54.00
-10.00	46.00	12.00
-36.00	34.00	-14.00
-28.00	-18.00	-18.00
-28.00	-28.00	-12.00
-22.00	-8.00	-26.00
-26.00	-34.00	-4.00

// Lee2018: bilateral hippocampus (FreeSurfer), voxels partitioned into 
// Subjects=36
-16.62	-11.11	-16.89
-0.25	-4.24	29.19
51.34	-70.04	40.81
44.96	-30.21	60.96
-19.43	29.16	50.03
25.40	42.12	48.43
9.00	-50.82	-37.27

// Robinson2015: L1 (left hippocampus 3-cluster CBP of Harvard-Oxford 75% hip
// Subjects=23
-57.00	-9.00	26.00
43.00	-17.00	39.00
52.00	-10.00	26.00
32.00	29.00	51.00
25.00	-35.00	-2.00
19.00	-59.00	13.00
3.00	39.00	-6.00
-23.00	-11.00	-17.00
27.00	-13.00	-15.00
13.00	-87.00	5.00
50.00	-21.00	48.00
-35.00	-66.00	32.00
-42.00	-9.00	-14.00
64.00	-32.00	4.00
-48.00	-31.00	15.00
-17.00	-35.00	57.00
-55.00	-20.00	37.00
-4.00	-24.00	56.00
-16.00	33.00	50.00
-30.00	33.00	-9.00
-6.00	33.00	0.00
-9.00	-9.00	41.00
3.00	9.00	-9.00
5.00	35.00	-5.00
-27.00	-21.00	-13.00
25.00	-80.00	12.00
15.00	-79.00	21.00
10.00	-71.00	3.00
-35.00	-78.00	20.00
32.00	-81.00	21.00
50.00	-21.00	50.00
-46.00	-18.00	52.00
32.00	-31.00	54.00
-57.00	-20.00	19.00
56.00	-19.00	27.00
54.00	-16.00	14.00
43.00	-17.00	3.00
-7.00	-3.00	2.00
-46.00	-48.00	21.00
55.00	-14.00	-12.00
58.00	-12.00	-5.00
-45.00	8.00	-14.00
47.00	-68.00	26.00
-51.00	-36.00	11.00
53.00	-25.00	10.00
-55.00	-12.00	35.00
58.00	-7.00	35.00
19.00	31.00	56.00
12.00	45.00	43.00
-23.00	8.00	-13.00
-40.00	33.00	-4.00
-40.00	44.00	2.00
1.00	35.00	-1.00
13.00	-61.00	15.00
-29.00	-29.00	-10.00
-46.00	-24.00	44.00
-42.00	-67.00	33.00
41.00	-67.00	31.00
8.00	-83.00	-12.00
62.00	-14.00	-3.00
-54.00	8.00	-12.00
-12.00	45.00	43.00
6.00	41.00	50.00
20.00	-7.00	-18.00
-25.00	-13.00	-17.00
19.00	-40.00	-8.00
41.00	-15.00	41.00
-4.00	-22.00	58.00
-33.00	6.00	57.00
-24.00	36.00	45.00
19.00	22.00	48.00
21.00	-15.00	-15.00
4.00	-57.00	10.00
-20.00	-63.00	14.00
0.00	-5.00	33.00
-7.00	-57.00	28.00
-21.00	-13.00	-12.00
55.00	2.00	-16.00
55.00	-9.00	-1.00
36.00	-47.00	-12.00
45.00	5.00	-7.00
-5.00	-67.00	-6.00
-2.00	-29.00	50.00
0.00	25.00	57.00
-5.00	50.00	36.00
5.00	15.00	-12.00
-40.00	28.00	-8.00
40.00	31.00	-7.00
-11.00	-47.00	9.00
-19.00	-19.00	-12.00
27.00	-15.00	-17.00
-26.00	-91.00	13.00
-44.00	-76.00	-2.00
2.00	-85.00	30.00
37.00	-80.00	14.00
41.00	-65.00	10.00
32.00	-24.00	40.00
29.00	-1.00	-8.00
-60.00	-30.00	-14.00
53.00	-16.00	-9.00
51.00	-55.00	-16.00
38.00	-43.00	-17.00
48.00	-15.00	40.00
19.00	-41.00	55.00
0.00	-18.00	53.00
-22.00	-17.00	49.00
-13.00	35.00	49.00
-5.00	25.00	1.00
-2.00	-13.00	43.00
-9.00	-40.00	6.00
1.00	40.00	4.00
-21.00	-17.00	-12.00
-27.00	-2.00	-9.00
29.00	-21.00	-12.00
-27.00	-81.00	-8.00
22.00	-86.00	23.00
10.00	-86.00	14.00
2.00	-75.00	3.00
-21.00	-59.00	-9.00
-34.00	-75.00	-11.00
40.00	-67.00	-5.00
35.00	-29.00	53.00
-44.00	-72.00	35.00
-36.00	-22.00	21.00
-23.00	5.00	-5.00
-54.00	-4.00	-13.00
-51.00	-45.00	6.00
-53.00	7.00	-3.00
-56.00	-3.00	-4.00
-38.00	-49.00	-15.00
45.00	-57.00	-11.00
39.00	-38.00	12.00
27.00	-29.00	-7.00
-14.00	-51.00	5.00
6.00	-50.00	21.00
-11.00	-55.00	30.00
-31.00	-29.00	-10.00
-40.00	-59.00	32.00
56.00	-11.00	-1.00
-55.00	-21.00	7.00
14.00	-55.00	-24.00
2.00	27.00	57.00
-22.00	36.00	45.00
3.00	53.00	22.00
-16.00	58.00	13.00
-38.00	46.00	15.00
-41.00	31.00	-6.00
38.00	29.00	-7.00
36.00	15.00	-17.00
21.00	-13.00	-15.00
-11.00	-48.00	12.00
-3.00	47.00	2.00
5.00	31.00	-7.00
-23.00	-11.00	-13.00
-41.00	-67.00	35.00
-36.00	-18.00	22.00
55.00	-6.00	-17.00
58.00	-11.00	-1.00
47.00	5.00	-5.00
-29.00	-27.00	-10.00
35.00	-28.00	58.00
47.00	-17.00	38.00
34.00	-20.00	50.00
-6.00	-24.00	60.00
0.00	-10.00	65.00
22.00	21.00	57.00
49.00	-6.00	28.00
-26.00	19.00	47.00
-34.00	27.00	-5.00
-36.00	22.00	-10.00
-2.00	-15.00	41.00
-3.00	-10.00	32.00
30.00	-72.00	14.00
1.00	40.00	4.00
29.00	-21.00	-12.00
-7.00	-89.00	16.00
24.00	-87.00	25.00
2.00	-75.00	3.00
-34.00	-77.00	-13.00
40.00	-66.00	-9.00
27.00	-66.00	-11.00
-29.00	-31.00	50.00
-50.00	-18.00	40.00
-44.00	-65.00	33.00
36.00	-28.00	24.00
-44.00	-27.00	14.00
5.00	4.00	-2.00
-58.00	-2.00	-13.00
-48.00	-45.00	6.00
-62.00	-21.00	7.00
53.00	-9.00	-1.00
45.00	-40.00	5.00
-44.00	-62.00	-15.00
46.00	9.00	-12.00

